u
9
16
1
u
14
11
1
u
31
16
1
u
26
11
1
m
1 1 1 1 1 1 1 1 1 1 3 3 3 3 3 3 1 1 1 1 1 1 1 1 3 3 3 3 3 3 1 1 1 1 1 1 1 1 1 1
1 1 2 2 2 2 2 2 2 2 2 2 2 2 2 2 2 2 3 3 3 3 4 4 4 4 4 4 4 4 4 4 4 4 4 4 4 4 1 1
1 1 2 2 2 2 2 2 2 2 2 2 2 2 2 2 2 2 3 3 3 3 4 4 4 4 4 4 4 4 4 4 4 4 4 4 4 4 1 1
1 1 5 2 2 2 2 2 2 2 2 2 2 2 2 2 2 2 3 3 3 3 4 4 4 4 4 4 4 4 4 4 4 4 4 4 4 5 1 1
1 1 5 5 2 2 2 2 2 2 2 2 2 2 2 2 2 2 3 3 3 3 4 4 4 4 4 4 4 4 4 4 4 4 4 4 5 5 1 1
1 1 5 5 5 1 1 1 1 1 1 1 1 1 1 1 1 1 3 3 3 3 1 1 1 1 1 1 1 1 1 1 1 1 1 5 5 5 1 1
1 1 5 5 5 1 1 2 2 2 2 2 2 2 2 2 2 2 3 3 3 3 4 4 4 4 4 4 4 4 4 4 4 1 1 5 5 5 1 1
1 1 5 5 5 1 1 2 2 2 2 2 2 2 2 2 2 2 3 3 3 3 4 4 4 4 4 4 4 4 4 4 4 1 1 5 5 5 1 1
1 1 5 5 5 1 1 2 2 2 2 2 2 2 2 2 2 2 3 3 3 3 4 4 4 4 4 4 4 4 4 4 4 1 1 5 5 5 1 1
1 1 5 5 5 1 1 2 2 2 2 2 2 2 2 2 2 2 3 3 3 3 4 4 4 4 4 4 4 4 4 4 4 1 1 5 5 5 1 1
1 1 5 5 5 1 1 1 1 1 1 1 1 1 1 1 1 1 3 3 3 3 1 1 1 1 1 1 1 1 1 1 1 1 1 5 5 5 1 1
1 1 5 5 5 1 1 2 2 2 2 2 2 2 2 2 2 2 5 5 5 5 4 4 4 4 4 4 4 4 4 4 4 1 1 5 5 5 1 1
1 1 5 5 5 1 1 2 2 2 2 2 2 2 2 2 2 2 5 5 5 5 4 4 4 4 4 4 4 4 4 4 4 1 1 5 5 5 1 1
1 1 5 5 5 1 1 2 2 2 2 2 2 2 2 2 2 2 5 5 5 5 4 4 4 4 4 4 4 4 4 4 4 1 1 5 5 5 1 1
1 1 5 5 5 1 1 2 2 2 2 2 2 2 2 2 2 2 5 5 5 5 4 4 4 4 4 4 4 4 4 4 4 1 1 5 5 5 1 1
1 1 5 5 5 1 1 1 1 1 1 1 1 1 1 1 1 1 5 5 5 5 1 1 1 1 1 1 1 1 1 1 1 1 1 5 5 5 1 1
1 1 5 5 5 4 4 4 4 4 4 4 4 4 4 4 4 4 5 5 5 5 2 2 2 2 2 2 2 2 2 2 2 2 2 5 5 5 1 1
1 1 5 5 5 4 4 4 4 4 4 4 4 4 4 4 4 5 5 5 5 5 5 2 2 2 2 2 2 2 2 2 2 2 2 5 5 5 1 1
1 1 5 5 5 4 4 4 4 4 4 4 4 4 4 4 5 5 5 5 5 5 5 5 2 2 2 2 2 2 2 2 2 2 2 5 5 5 1 1
1 1 5 5 5 4 4 4 4 4 4 4 4 4 4 5 5 5 5 5 5 5 5 5 5 2 2 2 2 2 2 2 2 2 2 5 5 5 1 1
1 1 5 5 5 1 1 1 1 1 1 1 1 1 5 5 5 5 1 1 1 1 5 5 5 5 1 1 1 1 1 1 1 1 1 5 5 5 1 1
1 1 5 5 5 4 4 4 4 4 4 4 4 4 5 5 5 5 4 4 2 2 5 5 5 5 2 2 2 2 2 2 2 2 2 5 5 5 1 1
1 1 5 5 5 4 4 4 4 4 4 4 4 4 5 5 5 5 4 4 2 2 5 5 5 5 2 2 2 2 2 2 2 2 2 5 5 5 1 1
1 1 5 5 5 4 4 4 4 4 4 4 4 4 4 4 4 4 5 5 5 5 2 2 2 2 2 2 2 2 2 2 2 2 2 5 5 5 1 1
1 1 5 5 5 4 4 4 4 4 4 4 4 4 4 4 4 4 5 5 5 5 2 2 2 2 2 2 2 2 2 2 2 2 2 5 5 5 1 1
1 1 1 1 1 1 1 1 1 1 5 5 5 5 5 5 1 1 1 1 1 1 1 1 5 5 5 5 5 5 1 1 1 1 1 1 1 1 1 1