u
13.5
16
1
u
13.5
11
1
u
26.5
16
1
u
26.5
11
1
m
1 1 1 1 1 1 1 1 1 1 3 3 3 3 3 3 1 1 1 1 1 1 1 1 3 3 3 3 3 3 1 1 1 1 1 1 1 1 1 1
1 1 2 2 2 2 2 2 2 1 3 3 3 3 3 3 3 3 3 3 3 3 3 3 3 3 3 3 3 3 1 4 4 4 4 4 4 4 1 1
1 1 2 2 2 2 2 2 2 1 2 2 2 2 2 2 2 2 3 3 3 3 4 4 4 4 4 4 4 4 1 4 4 4 4 4 4 4 1 1
1 1 2 2 2 2 2 2 2 1 2 2 2 2 2 2 2 2 3 3 3 3 4 4 4 4 4 4 4 4 1 4 4 4 4 4 4 4 1 1
1 1 2 2 2 2 2 2 2 1 2 2 2 2 2 2 2 2 3 3 3 3 4 4 4 4 4 4 4 4 1 4 4 4 4 4 4 4 1 1
1 1 5 5 5 5 5 5 5 1 1 1 1 1 1 1 1 1 3 3 3 3 1 1 1 1 1 1 1 1 1 5 5 5 5 5 5 5 1 1
1 1 2 2 2 2 2 2 2 2 2 2 2 2 2 2 5 5 4 4 2 2 5 5 4 4 4 4 4 4 4 4 4 4 4 4 4 4 1 1
1 1 2 2 2 2 2 2 2 2 2 2 2 2 2 2 5 5 4 4 2 2 5 5 4 4 4 4 4 4 4 4 4 4 4 4 4 4 1 1
1 1 5 5 5 5 5 5 5 5 5 5 5 5 5 5 5 5 5 5 5 5 5 5 5 5 5 5 5 5 5 5 5 5 5 5 5 5 1 1
1 1 5 5 5 5 5 5 5 5 5 5 5 5 5 5 5 5 5 5 5 5 5 5 5 5 5 5 5 5 5 5 5 5 5 5 5 5 1 1
1 1 5 5 5 5 5 5 5 1 1 1 1 1 1 1 1 1 5 5 5 5 1 1 1 1 1 1 1 1 1 5 5 5 5 5 5 5 1 1
1 1 5 5 5 5 5 5 5 2 2 2 2 2 2 2 2 2 5 5 5 5 4 4 4 4 4 4 4 4 4 5 5 5 5 5 5 5 1 1
1 1 5 5 5 5 5 5 5 2 2 2 2 2 2 2 2 2 5 5 5 5 4 4 4 4 4 4 4 4 4 5 5 5 5 5 5 5 1 1
1 1 5 5 5 5 5 5 5 2 2 2 2 2 2 3 3 4 4 4 2 2 2 3 3 4 4 4 4 4 4 5 5 5 5 5 5 5 1 1
1 1 5 5 5 5 5 5 5 2 2 2 2 2 2 3 3 4 4 4 2 2 2 3 3 4 4 4 4 4 4 5 5 5 5 5 5 5 1 1
1 1 5 5 5 1 1 1 1 1 1 1 1 1 1 3 3 5 5 5 5 5 3 3 3 1 1 1 1 1 1 1 1 1 1 5 5 5 1 1
1 1 5 5 5 5 5 5 2 2 2 2 2 2 2 2 2 2 5 5 5 5 4 4 4 4 4 4 4 4 4 4 5 5 5 5 5 5 1 1
1 1 5 5 5 5 5 5 2 2 2 2 2 2 2 2 2 2 5 5 5 5 4 4 4 4 4 4 4 4 4 4 5 5 5 5 5 5 1 1
1 1 5 5 5 5 5 5 2 2 2 2 2 2 2 2 2 2 5 5 5 5 4 4 4 4 4 4 4 4 4 4 5 5 5 5 5 5 1 1
1 1 5 5 5 5 5 5 2 2 2 2 2 2 2 2 2 2 5 5 5 5 4 4 4 4 4 4 4 4 4 4 5 5 5 5 5 5 1 1
1 1 5 5 5 5 5 5 1 1 1 1 1 1 1 1 1 1 5 5 5 5 1 1 1 1 1 1 1 1 1 1 5 5 5 5 5 5 1 1
1 1 5 5 5 5 5 5 2 2 2 2 2 2 2 2 2 2 5 5 5 5 4 4 4 4 4 4 4 4 4 4 5 5 5 5 5 5 1 1
1 1 5 5 5 5 5 5 2 2 2 2 2 2 2 2 2 2 5 5 5 5 4 4 4 4 4 4 4 4 4 4 5 5 5 5 5 5 1 1
1 1 5 5 5 5 5 5 2 2 2 2 2 2 2 2 2 2 5 5 5 5 4 4 4 4 4 4 4 4 4 4 5 5 5 5 5 5 1 1
1 1 5 5 5 5 5 5 2 2 2 2 2 2 2 2 2 2 5 5 5 5 4 4 4 4 4 4 4 4 4 4 5 5 5 5 5 5 1 1
1 1 1 1 1 1 1 1 1 1 5 5 5 5 5 5 1 1 1 1 1 1 1 1 5 5 5 5 5 5 1 1 1 1 1 1 1 1 1 1